Набор чисел:
86 -542 947 959 -857 -646 -172 854 -64 556 720 -300 519 243 -593 -943 -153 -463 213 -24 
418 66 -579 490 8 -427 775 290 -163 -728 589 -697 -779 262 50 -695 -728 955 -882 2 
-381 99 487 -856 -186 -178 -474 338 610 -350 664 700 725 -606 292 -612 -637 -279 835 986 
-60 914 137 -797 84 -90 -118 523 720 453 -647 -339 239 -361 412 -5 -822 439 764 -445 
-547 -334 908 -751 -14 -583 -229 372 -390 66 -679 29 -76 -771 247 80 -924 304 -849 -488 
-590 -966 556 -374 91 -890 -983 -339 484 -241 336 765 792 -343 477 514 -497 66 446 171 
667 191 -377 -704 -875 768 -358 398 818 -733 319 66 -814 -985 148 -414 41 -316 -522 675 
597 -779 -973 -289 -859 388 47 776 109 897 -586 -124 -242 -255 889 -570 579 -473 510 -550 
-364 402 -844 -484 -566 856 512 866 510 914 491 -880 19 -147 -127 208 -190 458 -674 220 
-709 -206 206 790 -945 425 -63 -50 -654 -67 183 626 118 -49 149 669 -566 -278 -262 -262 
-659 -971 814 452 714 184 414 -109 891 -164 -85 -10 -584 808 541 -52 452 -373 317 730 
960 154 466 737 457 -759 -804 245 554 715 337 -447 943 562 -228 214 620 -77 608 -344 
-136 307 900 -449 694 -833 426 272 -918 -696 227 -338 -588 -541 884 -31 642 370 874 -182 
213 933 -668 812 -366 941 -557 -40 -219 -428 -875 -795 -12 -353 -137 957 -320 806 403 -793 
715 127 537 -228 -962 546 -711 -52 438 487 -948 -709 -29 -70 493 787 43 139 -922 -954 
-849 -837 139 -803 462 -225 142 -987 980 343 -108 -881 542 342 -991 -7 554 615 694 64 
-588 130 164 -183 -553 977 -567 -629 669 197 -933 -983 -283 602 -989 -281 -675 93 -1000 -732 
-178 611 46 283 -644 813 160 337 -917 -914 165 -103 260 665 -963 -474 -170 223 808 -844 
960 -194 -560 409 -558 95 392 -272 -663 510 820 80 -295 170 990 -886 416 510 545 -716 
292 -413 30 831 -724 -811 297 990 17 -513 -507 363 -209 869 167 -163 -124 -27 -931 83 
-441 -95 -878 -231 -689 620 527 658 -412 -98 -946 280 293 -733 637 -106 356 -548 -93 -522 
-776 272 -201 -57 356 969 -360 953 -486 -123 -792 -74 517 492 716 -812 -814 -613 -723 -977 
-264 -194 555 517 -284 159 917 596 -914 -744 -494 -79 -298 -543 218 -252 520 -184 -73 768 
-434 522 266 -763 -794 627 -596 -314 -190 163 32 947 501 -241 -641 573 730 678 204 -183 
745 899 -589 -586 201 -586 -456 -455 -555 -618 -635 392 -435 853 126 -779 -497 -165 -585 670 
48 728 -101 -435 999 -711 283 -439 -489 639 -743 613 -769 -773 1000 602 -75 -186 -405 -483 
437 40 -592 672 -830 255 -437 200 -574 52 29 -694 -789 -235 -267 966 -194 600 294 849 
-669 694 -186 -613 -249 896 -678 916 755 315 586 -645 -651 -841 -35 -356 -118 -741 776 530 
666 -834 -485 -23 -765 1000 -466 -449 4 -945 -938 16 660 262 827 532 -508 -804 570 -297 
-558 -509 414 173 983 599 772 52 373 744 -759 -212 481 -885 -388 563 639 -809 546 574 
-458 -824 656 -452 -372 29 955 390 52 611 844 -581 -303 9 -924 -990 924 -564 932 946 
-611 -604 171 -733 93 -766 -855 35 107 -298 -405 -534 -729 352 408 -63 -387 212 557 148 
-941 465 -223 534 50 609 -832 159 484 679 -327 -858 -815 318 240 -311 402 311 731 460 
335 -282 976 -954 -84 804 904 25 -392 -324 -337 -991 339 768 -320 -438 -402 386 -479 -891 
244 441 -551 -906 196 -953 -282 260 -616 -280 547 -713 317 359 -809 842 -339 293 -693 -135 
205 662 -613 -62 514 -813 437 -162 501 715 -913 -933 356 304 -564 873 -880 -157 -170 -995 
-409 -226 -357 66 -209 112 -467 753 -609 592 786 529 914 663 291 -552 -231 -379 -800 -256 
-128 -262 -305 803 122 475 459 128 -30 608 147 789 -156 -97 422 945 -194 -892 920 -854 
306 -236 -155 267 -108 -591 484 -556 -922 32 -917 990 973 -402 -702 -804 305 -202 231 -221 
975 809 608 902 -652 -685 995 131 366 354 -528 161 526 -297 229 -844 357 -991 -58 772 
581 -928 230 455 435 -477 584 28 978 -264 -892 815 -482 -262 922 695 -996 -580 -816 -439 
-712 316 285 397 407 -901 -513 -325 505 -305 260 -513 783 -216 -543 -530 -970 598 329 -710 
781 801 -328 806 245 -822 -971 375 -507 449 -775 218 -144 -200 -997 215 214 -165 68 -458 
333 783 -691 -745 194 602 161 -681 443 875 295 976 366 809 -236 -586 -709 340 -622 296 
298 -743 354 585 -331 291 -586 448 -643 998 492 -966 73 -400 93 -6 -813 613 343 -148 
-518 204 -750 -917 -421 -776 140 -793 -210 178 25 0 -169 62 230 489 927 221 -827 992 
641 -837 -413 -454 677 -874 -677 38 120 -748 228 -621 10 -688 -954 440 286 -804 -673 240 
704 108 -588 127 344 515 187 549 307 640 405 -106 17 -849 -814 -18 -886 -131 -293 647 
-640 -298 -30 104 -873 308 -113 689 651 763 430 650 -2 -907 76 877 -93 668 -51 -783 
830 929 -191 -72 460 117 -438 -137 868 -513 709 27 -717 952 -439 -913 -402 -988 59 544 
-516 359 -175 452 312 -796 -211 -88 82 -350 -472 -880 -618 293 -536 -40 -687 -748 446 -503 
828 499 -980 -528 -672 -203 783 218 -576 -593 440 -217 519 131 -987 -889 872 983 777 477 
-973 -610 -171 504 -885 137 863 396 -380 -645 449 942 982 655 163 537 475 18 -545 -614 
-2 363 707 -723 214 713 -290 373 684 -542 313 -166 -887 -5 -343 2 -646 111 -313 438 
-719 -358 209 -929 314 594 627 -691 -473 67 -62 708 835 224 -614 489 -97 367 631 579 
9 447 -561 171 -496 21 33 945 -104 -355 210 -884 -472 634 -860 256 -505 167 -164 -426 
-515 590 -732 832 829 -96 -510 -27 -937 899 857 -371 -609 -773 1000 915 -816 -647 -902 -202 
409 635 -588 -250 298 229 -793 3 764 -138 257 410 245 262 885 342 -450 -998 -112 216 
92 18 -780 -106 -921 -702 242 972 -750 -545 -185 403 546 375 381 -607 851 896 338 -794 
995 -704 -298 -852 934 573 -980 -451 681 -345 104 237 128 -103 -158 -664 -733 -350 -344 733 
852 -248 -68 950 -949 -882 -769 -773 783 -861 -208 -543 859 829 -436 -63 870 -4 -35 -955 
962 -337 127 493 -574 -579 -175 -612 -986 -243 -288 -823 -866 -111 344 265 -381 -681 -331 817 
577 977 425 303 917 367 123 -224 551 668 -771 -480 -299 -43 2 849 341 -584 -775 981 
-21 277 16 -353 -230 874 666 74 288 -178 888 -680 -426 118 693 1 237 978 115 -21 
-708 -516 -883 -142 93 -537 744 -1000 -551 877 -948 -27 -433 -887 753 960 784 466 -766 -422 
-726 -498 707 153 583 -876 367 -576 -431 626 -311 555 -218 -820 -840 588 -241 -590 -147 859 
146 591 65 -914 -985 982 314 -172 145 808 491 575 756 772 -970 423 -686 -795 660 103 
414 605 124 -460 434 -488 -175 -788 -593 108 -521 -581 -431 863 295 157 62 599 610 414 
930 -12 614 716 -691 -138 -984 -551 652 193 -388 -185 628 258 -56 -567 -84 550 -911 333 
599 -261 -723 -523 -223 -932 -403 -107 543 -59 -206 500 -84 -402 720 -491 927 -660 -567 310 
951 485 -373 33 -736 -78 603 -117 949 -973 360 -181 -771 958 231 479 -409 15 688 -38 
-829 780 -353 -312 527 485 -886 99 78 -479 -755 144 621 -487 42 594 -649 881 646 64 
998 -409 -984 214 309 620 -837 339 561 540 760 716 -642 902 181 640 -534 -221 573 -180 
-913 -422 -505 -582 -694 -59 -393 -427 -235 -642 363 744 197 -454 -419 587 -878 -974 -914 -477 
611 -779 44 497 -656 49 333 -702 882 452 -346 -983 850 907 670 317 -152 270 848 -123 
-396 494 788 -659 541 -161 -756 882 908 -944 349 575 -579 -240 496 -723 -470 -688 18 853 
76 -545 -159 -642 -495 -526 -14 -573 690 180 516 -982 619 -352 822 -19 -164 496 851 -842 
-309 -399 102 601 -276 334 177 192 -586 105 -996 -201 512 -230 -925 628 -778 26 -406 587 
-549 630 356 191 -352 587 -120 476 238 -92 896 -675 688 55 666 -693 974 867 198 -193 
99 849 -626 282 -550 -775 36 -748 -490 977 -23 -489 -282 129 -887 789 -681 545 -998 -879 
142 -930 -163 -524 772 -629 -367 -177 -367 643 266 -157 -712 928 -973 21 -980 357 765 399 
-928 773 -296 -218 -734 -956 -481 935 427 765 -206 -764 -847 976 -849 -446 90 570 -287 -387 
656 143 -511 -59 -873 403 -93 -295 -999 849 87 -740 250 384 -628 522 -917 -827 -944 919 
12 102 48 -726 -166 939 -471 282 -260 667 -393 121 -949 -65 -187 969 -447 409 -370 -448 
-652 -469 100 706 297 226 -732 624 -979 21 -442 68 782 449 -999 -488 43 -499 -736 836 
-735 33 -88 441 195 -444 569 -163 271 -632 626 -930 -944 -788 601 28 -528 783 609 -389 
-565 -710 -280 -754 -311 -737 -629 -108 141 308 -93 -427 -639 -121 -165 -745 -684 -43 186 55 
-351 -323 -836 96 -566 452 503 -536 -209 -148 -779 -988 286 842 536 -913 -294 -729 -99 70 
140 132 -840 -718 706 -722 976 -28 110 -106 -258 -356 -166 943 429 -913 -142 534 -234 -880 
-552 984 9 408 -949 -668 -205 267 263 -629 -171 701 184 375 -192 174 659 -446 -96 -738 
-975 753 102 -948 -712 898 -522 -535 421 -676 -202 881 -981 -8 -694 656 150 732 429 492 
-944 -232 -154 29 983 109 -409 -809 435 -939 121 -698 -624 838 640 -661 650 503 21 -606 
-914 584 -785 13 678 77 -869 -406 182 333 -408 -759 -936 -253 -647 762 -110 -449 218 -567 
-670 965 831 729 -813 442 -645 -145 -229 60 -13 -313 -685 -159 -886 641 499 -314 -190 842 
160 -643 616 -552 -502 -213 770 532 -475 -405 7 -367 416 -885 -585 -736 325 -51 433 -150 
-571 489 420 -172 -98 522 221 -367 -695 -541 131 -143 -10 783 -980 -113 900 -409 -158 -696 
-226 -618 142 872 -256 -245 -639 -804 -579 152 535 328 630 -275 1 -337 -646 -773 459 -113 
-673 213 -146 -43 41 -657 -964 -46 950 -167 -477 491 -254 65 309 -971 147 -90 -162 423 
298 424 496 822 578 652 917 -590 561 279 -485 877 -322 -567 -842 -342 58 987 -835 -92 
-287 855 -226 -652 -758 356 214 -120 384 919 486 495 716 103 -885 671 -765 100 347 565 
-78 212 473 57 607 181 -23 -73 -683 -490 -955 377 -983 -180 -473 22 453 -134 -964 -484 
890 -500 -119 868 56 265 276 82 777 599 -822 257 350 739 -248 -236 -563 662 -886 -129 
-933 830 -407 -875 -770 717 66 789 -826 -736 819 -401 -999 -216 -777 -94 910 311 50 -608 
836 207 255 -415 -433 -626 46 221 -803 -574 825 386 -903 701 -203 -734 299 434 -432 24 
-946 700 -841 760 -542 860 62 -305 -767 605 224 -30 224 662 -630 44 -670 294 -894 464 
-626 879 -63 -635 313 -958 304 407 -979 -658 -200 393 857 -944 248 932 -936 -865 -31 122 
-598 -170 242 416 -277 -389 -799 17 149 508 222 107 -994 708 -463 -574 -89 80 514 -784 
246 971 -75 -119 140 -536 154 756 -174 995 -154 -680 -422 734 -228 -657 626 374 66 -116 
-795 -103 671 758 722 589 52 -175 -908 -413 -491 -812 -511 -434 630 299 23 182 686 33 
-600 163 515 489 -622 172 216 735 -147 -172 -366 307 183 -282 117 -385 821 -5 -983 841 
83 663 101 829 765 28 366 -292 -895 -618 814 220 599 845 -546 -340 -855 -78 852 -211 
476 524 539 333 217 75 -120 -569 -819 -24 -422 -185 -939 950 -420 502 -428 724 -20 -927 
802 448 607 716 831 162 -523 835 -424 -185 910 670 991 713 370 896 134 -322 483 790 
357 -494 286 -159 -650 804 910 956 155 -675 -927 -152 -39 474 696 -921 -678 -714 829 -223 
116 183 683 593 658 876 -157 -62 583 -61 -786 -551 81 900 161 786 302 -204 -992 -14 
327 -680 145 -155 -578 466 -219 -911 -759 683 -57 125 -479 -70 210 -688 -114 -944 847 -238 
459 -371 677 -24 -655 -925 -487 -52 -852 808 486 576 840 921 365 -603 -922 -231 -107 -447 
475 -394 232 -985 340 -558 -209 -495 -303 523 -654 991 -632 707 711 730 633 168 -178 -590 
-638 390 -356 -447 342 774 593 -741 251 -430 540 -821 912 -44 -166 -936 839 538 599 -335 
-84 402 436 -487 -298 -645 -447 -515 999 -646 375 197 -697 -828 638 157 -745 553 -278 200 
619 993 413 558 210 -578 981 111 184 831 -511 -844 594 -203 574 -289 -672 975 -99 901 
791 466 732 438 87 -499 -641 985 -9 -109 514 -517 500 975 -658 297 182 389 691 -475 
-578 -799 941 -233 -343 579 84 878 313 234 443 619 -276 93 815 -532 -256 561 -143 -871 
831 827 976 430 -414 -774 -753 -65 176 -510 851 152 -766 -950 204 -196 891 -566 198 -919 
585 -395 -535 102 189 523 678 -63 536 -179 -14 -348 -143 551 -364 824 132 381 62 208 
155 -782 445 -796 594 440 -955 57 -695 -343 656 -242 236 -380 497 682 888 103 294 -525 
-705 73 -237 -41 -632 -619 262 -363 498 -494 47 -38 75 779 -373 -468 -217 -244 157 -878 
995 351 763 879 345 -457 -249 -277 978 -604 177 -502 -79 -795 877 -301 378 -381 72 -873 
636 636 -347 -920 -189 783 677 681 689 651 565 -793 878 -954 311 -837 503 -701 -681 -820 
-645 -439 685 843 840 727 821 -156 975 -313 -348 144 406 967 628 715 -723 313 -704 549 
-841 -786 359 -736 564 5 -61 595 -468 22 -940 -941 518 964 904 -840 -812 -409 5 -892 
-375 208 87 -473 -9 -338 865 263 -98 -209 605 -131 192 319 128 -277 956 -747 -412 -266 
-738 988 507 682 177 5 112 927 775 -313 266 -248 260 596 -161 -893 -182 397 191 772 
384 -50 382 -943 44 219 416 -280 -775 -139 -981 -732 -718 -221 836 -764 -569 -519 -119 -947 
136 -15 -41 -745 -259 -540 -163 992 545 -848 -755 -236 -486 -884 -865 663 624 410 -919 870 
-859 679 -189 354 952 981 1 -336 -569 -213 464 540 -751 -728 422 -150 -133 623 702 273 
-558 498 -81 -814 552 -936 -426 208 -209 525 194 159 597 -962 995 341 455 -158 680 -242 
-508 658 678 -148 782 -89 922 -48 -365 928 708 -981 -698 -285 959 -808 -669 961 41 -861 
739 249 -267 213 -907 -94 -64 -714 447 -120 -409 -268 728 483 -681 73 -839 -614 947 -181 
93 -790 301 730 122 862 -155 925 -906 470 46 331 -208 -147 -331 479 493 997 -88 45 
-331 82 277 -765 616 -854 81 288 -15 658 238 54 -302 -405 -258 -93 -903 -165 -325 682 
548 -507 -183 -953 -523 -653 628 713 -704 80 -934 -830 140 -554 469 498 333 -697 988 -453 
-678 -14 -899 195 -390 -352 -517 32 735 685 528 2 996 964 925 519 573 75 -1 -548 
-497 332 40 -353 188 -376 -145 164 410 -833 -564 -678 -277 -103 123 -438 148 -937 133 471 
173 779 200 -362 -645 753 160 -659 -360 602 -267 -82 -524 -625 878 662 -858 -933 -348 -627 
471 670 248 -493 -194 -302 170 -99 -554 -298 517 -425 362 -137 260 -318 -845 -549 692 179 
71 843 492 667 279 -403 930 -260 173 -123 342 463 619 -622 -828 172 660 -594 912 698 
508 505 -806 772 -768 155 -975 708 -581 732 772 -732 483 522 835 -503 748 -429 -884 324 
545 -420 -311 -398 656 203 -86 147 -546 47 593 971 438 358 -541 889 832 619 455 -660 
-560 765 -112 -749 -806 623 -425 420 690 -831 -57 11 -972 -659 485 -771 303 -605 -416 353 
-904 34 886 -528 -424 -765 469 547 971 -228 -877 177 -740 593 -529 -515 -75 42 -558 -67 
308 -957 -324 -758 -740 637 605 461 253 -150 520 -826 -147 -251 -777 -32 300 -542 -926 -2 
995 -312 297 28 -268 948 493 218 73 870 -617 385 -653 -439 767 543 173 886 977 -481 
-463 -81 116 951 489 -315 -163 -251 877 177 -833 636 -861 477 -855 709 351 519 -394 -995 
-34 -889 32 477 -790 919 901 -150 908 -896 446 334 -403 772 389 -711 316 -387 680 142 
788 153 309 781 782 907 -120 -840 130 172 265 -227 459 663 -789 -918 -347 -783 887 -715 
-982 -486 63 -190 364 -661 636 -385 194 785 -33 223 829 -417 991 350 925 279 -525 236 
-83 678 -142 -411 199 -599 -959 938 612 -713 -211 155 -776 345 516 -604 -707 -761 698 -575 
438 -919 -286 -412 -425 -869 15 -6 -951 1000 868 -237 -896 -271 412 -392 914 -398 -864 -972 
-913 206 984 202 -452 217 464 344 -551 186 243 -713 -761 -411 -656 -940 -73 511 -483 -624 
-596 -662 -446 -423 -592 25 62 -212 -399 -841 -927 723 -505 -99 -586 616 963 252 -284 -710 
154 -537 -711 -28 287 -650 -911 -186 -179 168 -870 625 996 350 -957 483 -782 807 -930 -964 
107 882 34 851 -539 772 600 -779 386 679 30 -846 264 -583 -73 162 -267 388 -568 70 
665 455 -955 -895 255 -588 552 -495 -602 -573 45 691 459 622 -574 295 604 -931 829 898 
853 821 -267 487 -471 -107 -682 26 -217 -524 -746 -704 -903 487 125 -994 -271 -973 -313 697 
825 45 -537 -836 291 962 -417 328 653 -746 -130 -279 -362 395 391 -815 -32 -521 260 -415 
807 -10 -465 599 115 605 -795 844 -787 -60 202 -850 -340 -742 3 289 572 331 -300 449 
945 671 79 348 540 547 927 289 516 722 -110 -535 -673 -239 -546 -210 869 835 -646 265 
-766 413 408 -339 -636 -741 -588 -617 659 707 -970 621 457 -630 270 -669 199 151 643 191 
-785 -993 830 -65 -705 44 143 -174 182 -572 915 264 454 -761 661 -520 -404 -333 -752 -120 
237 982 94 672 -679 -795 -355 -740 623 650 -666 708 -84 830 -189 -254 910 523 168 792 
-708 -35 461 524 -869 108 274 -727 -733 -510 178 -575 -367 -552 -618 -20 673 131 781 6 
-84 672 -62 -124 624 -355 -548 763 975 -681 745 -413 -506 724 -975 -491 501 -278 580 681 
147 127 929 -864 -38 532 -180 -277 749 842 -937 480 630 846 -643 385 42 -372 -296 -833 
-795 -434 553 255 438 -526 368 -294 -106 615 -957 -338 -609 321 217 -369 -492 -60 195 -697 
420 -187 125 -644 -129 189 266 -495 -189 -495 375 252 -909 -845 235 -14 -677 586 -314 -191 
-17 300 -672 -415 660 295 -730 861 -768 -538 536 840 -544 -275 -688 540 602 -698 692 3 
329 -877 -168 -669 -886 824 -517 682 235 829 746 716 196 -527 -219 -837 -694 164 790 -694 
492 529 -710 578 -856 492 -544 -267 -958 -720 630 -835 -10 -281 458 981 -409 -951 384 455 
215 -232 -660 -744 -230 165 -251 148 -859 -812 770 921 -794 252 -621 595 38 253 428 648 
-251 119 559 395 -546 562 -803 862 -315 -79 -774 -601 660 -936 -704 -45 -565 -418 714 441 
883 -479 906 9 -978 148 -72 -744 952 -124 -851 785 -31 -558 585 -61 -420 454 460 -48 
-687 -211 952 -809 58 346 -276 637 -721 428 375 -854 -579 333 -737 652 266 290 -545 657 
8 -649 990 -772 -887 -195 239 806 645 479 -105 -285 145 865 -669 736 -953 -135 584 -581 
-286 629 -624 -689 -906 463 852 -609 179 650 493 428 564 809 -285 -932 408 113 -965 -881 
-674 858 810 272 -646 452 -53 494 899 -714 489 -527 10 -356 -651 -548 213 918 749 -46 
-354 -524 -174 -839 247 116 -336 -102 201 -86 -117 -563 -174 -416 799 -857 -166 -841 -672 312 
-137 547 -66 -990 612 -84 -78 -151 -272 -580 -616 999 -141 472 481 976 -39 625 -529 -547 
-438 55 930 53 829 -243 504 517 865 662 120 807 -166 703 -808 269 615 942 -867 850 
-956 -100 -350 -854 -430 566 -538 -586 -549 -372 -425 229 -496 -872 548 -249 738 662 -202 -991 
-366 495 -393 -631 670 -608 487 109 -782 978 -927 -540 434 -859 -882 -716 844 499 -113 -475 
-595 -376 -374 -68 171 30 206 -389 354 -138 583 377 433 442 951 -468 254 343 -94 -799 
-992 468 189 512 -355 662 639 -994 -756 -863 -22 -14 798 -94 239 -424 47 -276 -935 -595 
622 -799 53 922 -702 582 776 925 -918 384 717 120 -984 -654 -428 -372 -461 -665 -92 -80 
478 323 -241 646 -643 -318 -344 103 -557 -15 -995 -948 497 -4 348 742 823 -390 -997 293 
802 613 527 520 956 -786 -188 -967 -300 -85 -187 644 449 -300 -423 622 409 -692 -93 -775 
794 153 -849 83 753 160 -103 684 356 -652 636 -699 147 -650 -531 -510 39 854 376 591 
483 -768 -141 573 -651 -618 32 56 327 -415 -928 438 241 330 717 -961 178 390 -664 304 
760 109 423 566 -657 -557 108 36 79 317 -48 -822 787 81 -929 400 367 59 -763 1000 
513 941 255 -360 -200 -92 -712 990 163 -978 273 709 -716 300 951 -682 813 -564 963 927 
534 -958 387 -651 587 164 -481 -443 763 976 -343 -751 728 5 -537 80 -181 744 -304 -713 
337 -682 -862 -907 -340 -202 300 -579 -470 74 -126 -546 -370 122 -515 188 -267 -635 157 41 
290 -738 203 748 -812 509 -382 3 -354 -821 -99 985 678 -294 -132 964 928 -947 -303 -349 
-201 64 -548 -879 -406 -80 567 586 -248 340 -400 193 302 973 28 -726 180 288 658 -139 
9 225 611 873 -927 604 924 -603 243 166 182 125 -695 -449 824 -391 -982 756 -335 601 
-79 -800 564 -133 861 -324 600 -493 92 563 360 -910 23 -15 223 -108 -429 -271 -427 -794 
-464 837 705 215 890 846 852 591 582 647 976 -717 -992 -99 -974 -93 915 -882 582 -169 
-801 -725 998 -493 818 -525 784 20 -368 475 685 -2 678 471 -211 -110 747 -610 844 -454 
393 -429 -865 -438 360 320 -156 -819 -142 406 50 39 -318 -593 -553 397 916 283 -619 685 
-641 -144 -481 -51 279 500 -683 -871 -830 -286 658 -51 -920 640 -171 677 -789 -256 356 -660 
-446 4 411 -111 901 475 -347 -472 -721 829 -402 636 -304 -543 958 644 715 299 578 849 
-765 -740 -213 854 -630 -943 -832 -513 669 -870 881 -203 687 -786 247 232 -114 -769 748 484 
941 879 -294 631 689 -255 18 897 -915 -384 595 -375 894 -986 -491 449 -818 -915 283 -971 
-22 906 -745 -53 513 -873 233 -161 -626 450 -545 -525 292 313 409 264 -784 607 537 -13 
-590 -713 152 -368 -28 732 576 -834 566 -888 -623 46 -562 262 909 476 305 948 -204 -692 
609 -100 -547 607 385 314 722 206 988 -970 578 637 948 -202 -153 210 -620 851 -146 -155 
500 536 993 345 689 -22 225 369 410 43 -551 -106 -99 668 -786 -637 -982 886 727 929 
837 -102 569 -568 -740 108 -110 -747 -695 40 272 277 -509 610 177 83 489 -156 -829 975 
693 403 -139 -962 -127 930 77 632 463 -792 933 423 551 -481 -558 138 507 904 250 -8 
794 812 -61 -959 -107 -554 909 -260 743 -81 -170 -595 505 694 334 -319 -286 -356 -175 344 
-732 -985 -164 175 304 -529 263 -688 664 697 435 -636 -796 594 240 -746 865 -814 -779 476 
879 693 331 -417 924 576 -163 780 834 541 949 -507 -765 741 -20 -815 -439 -117 -908 374 
-953 267 160 858 -858 -334 6 41 -991 -759 223 546 220 934 -741 -870 21 -994 -715 -454 
-755 762 31 636 -723 152 -793 218 806 -97 9 892 -418 -833 -128 30 -383 223 834 977 
943 -157 8 -715 559 810 -48 135 446 -784 -952 99 492 -386 -815 -10 8 -625 -379 141 
783 -261 403 413 -97 778 238 520 -372 553 657 192 -628 634 -720 -333 735 -703 112 -493 
-646 -954 970 107 901 566 624 -665 -613 -882 -63 528 888 645 749 370 -655 -16 823 -415 
106 -460 600 -105 898 -984 -10 -28 396 801 535 77 -623 801 236 -248 314 -179 -250 -551 
913 885 -250 192 107 -557 -95 -495 -763 562 863 772 -546 877 -930 514 -665 467 646 -999 
267 -293 -620 709 883 497 -49 302 415 857 -477 559 17 -317 156 -301 137 687 -811 623 
306 -941 273 357 -204 610 -411 -909 -192 642 476 265 -496 747 -312 722 189 -600 -833 -545 
18 -728 -399 146 -453 416 -714 712 857 -374 -425 -347 753 479 84 103 -566 -874 -902 -532 
-299 -205 188 -913 988 -738 842 728 -847 -453 486 -185 -583 -318 993 965 102 -475 297 -331 
723 -710 -544 123 -340 449 -839 -882 -398 -105 -48 858 -66 -117 -166 618 270 -805 -893 562 
-170 -236 332 589 -215 580 -362 994 -858 -964 72 251 -659 583 -768 975 91 418 -566 307 
989 -120 137 51 88 304 -373 -571 658 859 -39 499 246 -214 -655 227 -200 -568 -430 -546 
-236 -896 598 595 272 115 880 -683 -451 -115 -684 -619 -925 -280 464 247 221 535 548 783 
238 -625 743 105 -558 17 541 -637 768 -786 -471 322 -430 -665 775 -788 -971 787 -717 -633 
-561 -951 -269 -598 -828 -752 -657 -434 -179 -607 740 -363 -329 613 781 302 708 -372 -163 -988 
866 997 -961 208 854 996 392 -523 20 -979 -607 -25 393 -712 -381 -577 354 -570 259 36 
661 936 895 248 -795 -312 -447 495 -951 437 -50 35 -698 -77 579 -105 -671 760 -180 810 
717 86 -311 212 768 -741 -912 337 -123 -944 947 230 -283 -426 -85 682 -986 -785 -184 260 
-793 -530 -519 472 134 598 -98 -721 -314 642 276 698 -158 -328 685 -925 -550 -796 -948 558 
742 612 -66 -111 -532 -797 133 -349 -800 551 152 546 110 691 690 57 -393 615 699 421 
414 917 907 -40 16 -711 -453 -148 -625 -91 989 -438 317 -801 732 -58 -704 -745 -441 203 
-290 -65 658 -246 -836 -760 110 926 309 248 -159 990 672 323 -231 990 -281 -863 -409 703 
-829 62 575 200 456 283 891 239 91 -761 -950 -504 408 390 -429 738 454 -772 232 -649 
-807 -310 -54 -952 321 -338 607 -156 -81 918 578 123 512 -576 844 151 537 383 -559 44 
-945 -914 243 -48 112 -504 -938 130 661 -272 195 -619 914 -316 -212 -850 232 -255 -813 -911 
104 -405 -599 -818 425 -762 323 830 -769 785 718 -888 -424 -908 146 282 238 112 441 79 
-804 -208 336 38 41 -319 -646 -15 -833 -917 223 -954 -441 -379 -952 364 73 -946 162 664 
169 -783 923 -721 -949 109 260 295 -228 -104 572 647 358 158 21 -555 -108 756 654 -604 
-114 -675 784 472 -995 -144 -521 -293 -910 -122 989 169 -820 -166 -496 -122 -558 415 200 554 
533 -785 -650 77 254 -744 661 651 952 189 -19 817 724 674 -447 300 130 951 69 -281 
-239 97 396 -25 -461 289 286 208 423 429 413 637 -548 999 -587 752 -57 -43 985 -956 
426 663 -554 892 746 280 -926 -583 -390 290 -299 -902 408 416 506 745 627 -168 -5 122 
751 -776 -764 -225 29 576 299 690 552 161 419 -923 -959 511 -277 3 851 65 -382 672 
70 -245 302 -150 736 -602 -658 -426 -749 722 109 482 -576 662 -217 849 -156 -729 712 68 
-32 54 982 -998 565 134 -952 783 -591 139 -135 -584 -989 174 374 -47 597 -806 -181 -709 
-151 614 -256 961 -125 407 14 -809 564 930 506 295 -480 616 700 330 -102 927 -933 858 
266 -684 258 532 585 -333 474 -341 -221 611 -803 779 -809 -811 421 -49 -871 909 -425 -992 
421 900 914 501 -4 242 -546 -212 703 -484 -432 453 -801 -238 111 -590 -51 -7 -41 -261 
-38 889 850 -180 -899 264 927 621 -568 73 589 -55 -532 -312 -410 247 569 -839 11 -314 
336 906 857 -294 379 -606 805 -724 -231 937 -645 543 -926 569 -42 241 871 -564 -997 25 
799 699 861 -174 382 -467 673 -933 -76 -762 701 -914 -267 -671 -833 -704 857 44 199 167 
-100 -783 6 274 175 470 101 187 -365 245 -551 734 -333 -350 -46 -558 -698 797 233 1 
-383 380 880 -925 433 989 -894 416 -462 -137 930 -143 230 -254 291 -835 10 -758 62 -556 
-916 18 -583 -19 -65 -984 -287 -568 313 -51 115 -755 701 863 -121 683 129 -284 765 84 
-348 -938 17 130 -886 -759 -512 999 295 -196 -226 -286 721 -837 802 94 -553 194 471 -947 
384 674 1 383 91 -437 -199 -415 414 -65 392 336 -409 -391 971 -50 605 231 611 816 
459 393 850 -398 90 369 -139 274 -381 245 533 270 -652 577 947 -434 136 -930 508 -387 
12 994 294 350 89 -263 132 982 646 -984 823 702 145 -135 522 904 32 934 249 752 
55 -951 -186 229 -864 -142 280 -965 -306 -851 537 473 854 -466 -861 237 -51 -643 -315 512 
577 241 -815 -283 -670 245 -979 928 -201 -480 378 887 -606 -151 -44 541 83 -939 -267 503 
1000 -415 -108 132 50 442 988 567 657 368 -210 -97 -177 562 677 925 -224 503 788 -894 
-441 107 541 -515 104 -457 24 -634 207 711 -267 -711 -431 -487 610 -975 -539 867 947 -674 
624 -65 -839 684 -235 260 354 -260 383 105 -267 -85 822 -978 -357 513 453 246 -535 -498 
-259 -996 -48 499 -536 987 357 -645 -476 811 -88 -431 -113 -124 -755 -616 -952 -710 750 -788 
-665 305 557 239 -778 -338 583 -782 803 201 -681 -171 952 677 314 786 481 735 888 176 
-520 886 -747 182 214 487 -735 730 -193 -766 279 -819 115 -115 357 493 524 350 338 748 
887 -456 676 -16 -706 263 456 829 105 359 -387 774 -181 -948 -287 -378 60 451 191 -780 
-249 476 849 -167 -292 -140 -750 -805 -683 -543 -392 266 873 245 -592 -61 939 -447 -108 -220 
174 305 379 67 -761 659 -556 558 403 -856 210 239 120 -401 807 -271 741 887 -700 786 
-229 67 255 -30 872 56 -14 609 659 934 -841 441 806 -731 170 -72 390 -297 -401 -70 
-495 247 -571 -197 359 64 -653 -369 565 200 128 877 -79 -864 209 254 -66 831 693 839 
22 757 166 -458 719 -10 -469 500 643 -661 -351 -840 260 275 -510 83 661 -840 822 92 
-774 491 483 643 527 980 -818 680 41 -516 773 353 -152 213 555 568 -173 600 -508 896 
377 914 281 839 -357 147 -654 157 -865 67 -351 206 648 668 291 473 -526 79 -222 -358 
-863 725 -901 136 19 949 -606 -266 -142 -682 165 -392 381 496 -895 722 970 -732 -131 520 
-554 -370 682 -457 -916 230 946 -141 864 687 -962 -874 39 673 369 790 179 -59 583 -189 
-480 -519 -803 642 -52 -448 365 212 634 -764 516 -664 -249 333 739 -109 -911 448 131 -944 
-793 -921 -609 -555 -919 -669 -514 979 -525 -269 -250 -345 218 78 671 -727 -186 711 328 913 
-454 -661 68 -588 -724 191 -246 728 -857 120 -913 -324 -176 515 607 -465 899 74 -822 -537 
-740 262 984 -715 241 -366 -699 190 -355 -227 121 284 -635 -863 170 -906 -972 494 668 -530 
-338 281 47 -282 59 760 482 -92 571 -215 977 595 -935 960 -871 -543 362 811 -23 -258 
130 617 692 -540 -433 89 -718 851 974 789 -671 -480 210 -63 -349 -953 725 -450 -3 217 
482 -306 -240 -814 109 496 297 -825 834 -358 855 44 57 525 17 291 -197 -227 877 439 
654 -547 -255 333 368 688 439 482 121 470 596 957 216 -692 724 292 -841 -54 213 -412 
88 -248 914 -15 -255 207 -730 94 -658 40 302 -808 131 699 -307 -302 -61 -385 689 -428 
846 420 117 633 -576 -60 819 -890 91 -248 -267 73 109 -823 957 -809 -530 -268 -418 -133 
-754 489 204 -32 -402 915 262 420 709 606 -976 -838 -398 297 -962 753 386 -35 332 -171 
-51 528 342 757 -467 763 -89 -185 751 16 -77 389 226 194 947 467 932 180 322 -691 
235 637 -946 386 215 681 934 885 -153 -735 970 353 278 287 -420 -585 61 -144 -140 567 
839 -881 -684 346 70 -224 696 193 27 689 -558 192 -850 -330 129 699 -10 -472 786 819 
415 206 429 -255 865 -32 291 -510 231 760 84 -242 23 98 -975 920 -897 896 414 -772 
-758 811 -574 942 -505 -571 -195 869 194 498 -379 691 -945 -441 -736 -771 580 45 169 -958 
-542 -552 -648 -778 -408 583 -826 889 94 970 689 -414 -170 -840 67 465 385 700 -582 -847 
-271 -341 393 -245 644 751 874 -456 189 580 -888 338 -761 86 -497 444 527 -336 -140 98 
465 678 432 -559 -88 -654 -121 -120 266 -447 -896 644 -19 961 987 -184 -455 -957 913 -678 
-230 142 -637 -638 -47 533 -666 867 923 750 506 217 -910 -922 429 -290 899 196 398 817 
-573 -25 527 -190 689 826 -117 -252 -207 917 613 -697 -852 -133 192 -23 74 126 625 -577 
-806 483 -431 -739 908 575 195 -1000 -98 -166 -890 -687 968 -407 553 761 -531 410 -227 804 
-583 414 304 -415 -189 853 -436 -728 85 -17 239 942 966 -204 -613 349 878 -250 72 412 
-810 -853 966 897 355 -996 -119 953 248 -7 870 -635 935 961 853 -468 558 -242 -894 118 
880 220 392 938 -689 -139 -985 833 664 -625 441 -698 5 176 -744 424 -179 -310 739 -797 
-167 693 -898 -906 -507 869 486 -578 -13 737 -798 -810 -499 -69 -141 863 921 597 257 -470 
-74 171 -903 -21 -793 197 742 311 13 321 546 245 -860 -549 -913 299 -148 -519 -676 142 
-713 966 253 -896 -520 466 -32 37 101 -924 -544 221 722 -851 796 -330 -256 462 474 -701 
-759 -969 -224 -505 -377 96 853 249 563 -493 -827 123 -423 57 156 312 649 369 986 539 
-509 378 64 59 -843 -406 -379 -788 -902 -286 690 -568 728 -790 -355 -293 715 456 158 -708 
-758 -207 -468 839 91 97 446 -784 709 494 35 282 218 610 957 784 576 -105 -609 -567 
813 343 -434 -615 -822 431 171 169 202 825 136 446 268 -747 -651 -442 -238 689 665 598 
-33 -929 578 -316 466 -12 -712 -687 440 -246 -724 142 -122 133 -400 116 -468 468 537 -351 
-677 -732 577 -725 -877 157 -645 769 -278 493 -758 423 -292 879 268 -270 -921 953 146 -9 
270 -726 129 590 815 794 -849 90 343 198 769 -116 936 943 -623 -496 -694 577 467 -593 
-441 -733 836 942 433 -143 -966 -864 -900 310 756 325 -820 -85 756 720 -40 -697 377 -446 
-817 -487 222 -2 -140 655 506 -182 -178 270 712 -670 -519 404 -957 -659 -634 -943 -226 580 
4 27 692 -960 -974 -884 -415 216 696 562 -707 670 -280 -713 -67 816 -857 916 -133 360 
-490 -874 -417 -403 -574 355 342 451 -43 -496 541 740 777 -10 113 -31 -387 989 942 -96 
-503 -921 -571 -947 104 760 -241 -731 165 -190 373 969 76 -927 399 564 -775 960 -601 489 
489 -381 -166 -212 -886 -663 651 48 -910 960 37 8 -928 202 958 -927 143 -918 -11 -114 
775 388 624 8 52 995 635 560 -444 311 -664 -357 835 -791 -910 371 -991 959 -583 597 
-978 954 609 322 -103 640 -822 121 -646 -440 693 -552 662 259 -326 108 -792 -862 -127 -178 
-529 653 933 -986 364 -220 -354 292 122 707 -293 -320 -331 592 167 -530 239 483 -197 -31 
504 654 -233 719 -152 968 -818 176 79 -801 -541 -820 -55 -922 405 495 -349 556 27 -307 
260 927 -935 -222 -392 837 -99 388 -404 2 704 -257 -186 582 -361 -530 -755 -418 756 803 
-832 -843 -519 -170 -504 -1 -874 357 834 620 -840 -154 928 425 279 -49 -893 -501 -146 -738 
-730 911 -760 -451 982 535 -361 281 265 858 507 429 959 433 481 -414 265 264 24 -907 
-506 -878 -343 -358 753 -499 696 224 290 -92 710 949 110 396 -335 -777 -579 -891 -222 726 
-506 -114 349 116 504 -101 615 633 290 523 163 -676 649 -990 -367 -298 650 385 143 171 
-39 -906 959 -592 -728 -779 105 538 -828 580 -510 762 778 637 -601 -37 -262 -775 278 986 
574 -198 336 623 307 -897 -621 33 784 -903 -832 -932 826 173 983 184 -276 991 -502 -11 
721 -343 -309 -249 455 241 698 730 -120 -1 -294 438 -467 980 553 -845 -380 -311 -266 -25 
-264 542 603 145 794 805 209 -900 -669 383 402 564 384 540 432 -783 438 46 771 292 
920 574 96 565 575 -376 -983 180 203 172 -32 -235 -606 516 -641 -144 -24 -97 -418 478 
-822 33 -553 407 351 773 908 -471 379 861 932 596 279 -743 -451 -71 -194 -702 907 11 
-186 -989 304 -863 983 -646 -37 774 148 -122 -579 340 57 -894 -746 -945 -145 -569 -928 609 
-839 776 -903 812 557 201 -729 -907 -224 783 483 88 -275 334 101 -229 602 -275 476 627 
744 -846 3 181 -330 340 -106 942 -417 -190 -885 -10 615 659 -397 -850 -367 -558 990 164 
342 383 786 -378 295 873 -743 85 -208 -309 -921 -70 685 -484 -346 71 896 908 789 981 
-425 725 185 425 -596 757 367 -480 356 -37 505 870 -229 214 -854 -97 -599 926 -547 -205 
-965 -374 325 -887 387 -769 229 -216 -826 778 -809 -735 815 396 -335 -636 232 -89 -598 529 
718 980 75 -185 -154 172 367 825 534 -61 -192 -642 -901 609 824 488 176 -855 -343 755 
-445 -44 -125 -709 -177 44 -591 334 -803 -32 948 804 677 471 -531 890 -896 732 -336 -486 
612 550 569 321 -451 443 -364 184 618 965 479 617 662 -639 429 770 -104 -122 606 -847 
-406 -256 263 463 240 242 -308 398 -227 -89 289 -705 427 -579 652 -740 -247 515 348 -755 
945 -134 426 -664 406 981 -444 488 422 866 -123 -958 -204 732 -788 471 -298 -9 327 -589 
-140 -89 -931 -588 -260 -171 -431 -367 590 772 434 887 -179 -525 676 95 741 912 -635 535 
169 431 98 167 -110 383 411 27 -912 -154 -574 476 -618 107 -400 -236 153 -853 -55 -225 
948 -805 -201 -941 -275 -896 530 -541 118 -560 465 -380 345 170 927 873 844 -508 -631 556 
929 -916 269 776 -710 -858 746 -16 -58 -789 66 -669 61 103 246 772 296 408 567 -640 
-339 -228 -29 -967 947 -116 497 441 -887 -887 766 719 209 -880 -382 345 -679 -326 201 502 
63 -472 -276 -677 636 106 -674 741 815 -679 -913 750 -766 -962 237 892 -514 -710 -104 834 
902 572 -644 704 -825 986 -348 -373 -662 35 940 848 957 -595 -947 -141 546 314 -984 -753 
-310 -578 604 648 -480 -332 234 170 551 498 -277 -551 -300 901 867 676 507 -651 -162 -539 
-141 -347 -421 -7 -357 147 -271 578 -121 -216 981 -488 -521 -433 597 -72 -943 -577 -341 -230 
610 -215 806 -813 775 -956 814 962 917 -504 -468 -710 150 423 -701 884 155 -591 399 827 
843 -237 829 -225 194 9 93 632 -158 -666 119 909 333 797 853 -713 -150 602 86 -938 
540 -508 347 202 -502 -23 -823 162 173 759 307 527 -219 635 -770 -696 517 -36 267 248 
165 174 -536 824 824 536 -239 -691 -452 -731 739 169 529 -817 155 -705 158 -567 -203 992 
-617 -160 -357 -278 922 166 51 188 138 628 -597 313 270 662 -382 -876 -275 -865 -982 495 
-453 826 1 -894 451 966 -506 -985 348 -461 -628 -900 867 -237 -595 -723 105 -601 450 117 
-479 -895 -795 -760 -751 -193 940 921 -733 -759 81 302 289 588 204 -797 -14 -774 -178 -36 
-532 150 -100 381 -389 583 -485 -860 887 -884 731 801 672 352 21 591 -108 -511 -993 -949 
654 986 -737 -301 -50 -760 -213 -40 -482 628 89 292 819 999 776 -79 797 -256 590 587 
-474 -961 806 608 -616 -262 -80 773 218 973 -146 175 166 898 44 -980 435 -437 -213 613 
60 -738 65 788 -312 115 758 -370 76 209 -604 144 -958 -468 -335 -239 661 -889 -984 656 
-391 764 926 552 -880 395 -902 716 -938 895 96 389 -358 753 20 -225 719 325 -34 412 
-127 -600 176 -309 295 -89 766 -348 -606 1 -48 979 -652 -72 -929 314 -508 -637 -729 49 
-164 -917 -149 -676 -915 227 -6 373 854 42 -49 948 -745 -498 219 -137 316 608 26 -233 
-943 451 -58 -195 997 905 -470 -397 -870 -603 -780 -451 605 -156 -557 892 594 -299 -768 295 
-601 -890 886 627 28 779 381 413 -773 -118 359 -965 952 -473 271 702 911 -286 38 239 
-58 236 509 998 552 -264 263 139 -143 723 -465 42 -658 828 -742 474 -475 983 -221 -645 
-647 361 -657 155 472 313 -91 977 144 -255 -45 147 646 231 -346 162 -970 252 -726 -3 
911 -750 873 942 71 393 886 -312 233 536 776 472 950 441 -987 554 -274 -938 -975 -372 
308 -423 -673 -664 992 -509 33 806 -763 -812 299 -266 251 -628 479 -112 -580 -652 458 356 
903 -973 989 -757 16 -579 -186 600 457 530 167 863 -970 230 -221 -490 846 -697 -348 313 
362 841 -808 933 198 562 -613 34 -560 -959 900 -957 -256 -229 735 -728 -228 167 372 -20 
-983 169 -181 -325 -787 -485 -896 969 742 -822 -287 65 -629 494 613 198 716 -78 -319 -297 
-401 -228 -455 413 64 967 321 775 -642 -106 797 -261 363 -336 891 -218 -15 -584 -927 -650 
-554 141 120 183 -875 705 362 -922 -599 -960 871 740 628 -512 -689 -977 207 103 661 279 
581 173 195 355 579 -896 -42 932 -319 -273 112 -202 -800 -414 -256 -115 905 -240 724 -346 
651 575 -917 -314 -281 127 121 413 927 719 -602 634 -20 -791 900 750 -498 339 433 -777 
-513 -768 603 675 -989 560 447 236 11 -478 -818 -637 -967 -984 403 -545 -487 -833 -434 283 
758 -477 747 -285 -245 852 913 -387 -502 305 -324 850 -165 684 121 -786 383 582 741 174 
-870 -894 51 189 -341 703 -188 255 163 484 -393 -580 296 123 -294 892 34 -10 898 109 
-14 822 904 -922 755 -600 -154 26 -389 -578 743 -421 -972 -954 -82 -848 518 -12 -994 431 
-87 687 309 790 969 -460 -121 -130 -340 165 -803 990 228 -652 954 -332 770 1 -257 -866 
-396 549 -508 -208 427 -209 -725 808 757 -984 890 -69 741 -691 -925 -493 432 -554 -251 -86 
-600 93 106 -797 792 -494 -736 545 165 -675 65 -247 894 756 602 -729 582 578 -60 -520 
716 -397 -405 765 -50 -604 -293 140 -996 -555 858 -836 -976 -789 -205 659 -54 -238 -488 -513 
-281 -183 169 396 237 -483 439 345 -465 -329 952 370 -948 -9 -579 755 -803 82 108 457 
304 -171 -804 19 -994 -214 -380 -961 -435 -149 -169 383 -517 641 673 254 -720 377 -571 927 
-311 345 951 -513 -50 78 -689 394 -627 548 664 934 -578 124 405 468 -172 614 -817 -722 
435 220 -816 919 552 -312 -84 -658 826 501 -314 -637 581 652 682 -302 -751 146 -666 522 
678 627 -764 988 509 -465 379 331 51 -637 127 41 537 -546 -807 -520 340 -306 884 -980 
-33 -161 960 -216 23 47 861 896 -135 -529 364 -815 -491 461 253 -794 -186 -458 -737 -794 
111 -941 469 189 479 -185 -299 -586 131 -567 -174 513 -666 -432 465 -621 588 430 -987 -416 
-747 -319 211 559 -153 776 420 -137 708 -867 -96 120 713 -873 894 -426 787 -815 399 -703 
450 -896 403 294 387 743 -221 -331 892 -489 186 819 -190 -860 -501 147 528 -907 903 -977 
-599 461 -404 -211 498 428 60 -180 954 -81 -56 844 336 -733 -617 -164 -879 -42 597 -943 
737 644 -444 -294 245 802 964 -727 400 792 -297 -632 -204 -507 -358 328 574 198 -414 -580 
918 -201 919 206 334 496 -232 834 688 -992 868 -79 912 917 -64 -730 -221 64 -33 207 
951 171 897 -88 946 -302 96 -558 678 764 16 922 972 480 118 372 -852 349 577 -605 
795 -808 5 -974 -468 621 692 898 -167 -349 734 147 -746 951 80 -166 -3 -345 -15 -96 
-586 -113 -531 -381 -626 -550 -305 884 -143 -533 -367 911 -763 -702 991 -771 -584 -268 430 -735 
-956 769 2 167 955 741 -539 267 -857 -144 -763 750 204 646 -800 709 205 -948 674 269 
670 648 -999 663 -643 -309 -974 702 -347 5 -403 -761 846 -767 -602 162 -222 482 272 835 
-66 608 108 46 438 -344 -837 -539 994 210 771 -646 187 -581 188 260 -5 109 -980 -208 
711 -552 -48 -833 184 -624 602 -122 798 -595 315 -237 337 -27 -481 305 389 -286 270 -130 
12 -307 -970 -708 561 -215 -830 420 -877 -602 -755 130 -515 -247 764 447 334 143 808 214 
-819 -82 932 -302 -582 99 -296 836 107 255 -92 -656 -389 -468 711 65 726 303 -773 -970 
12 389 689 816 37 -538 873 708 -812 -216 -431 170 -138 410 169 67 204 89 192 27 
493 -115 641 -251 265 -509 405 947 -47 699 -758 -346 -105 -816 524 -47 -562 -793 209 -77 
-476 948 217 346 749 -632 713 394 338 -277 55 -888 278 -307 -444 385 -780 473 596 716 
782 -228 136 38 232 233 812 -649 562 295 -952 313 -936 -494 663 -709 413 -276 -800 -517 
-482 -793 -832 -462 -837 -367 934 -219 544 138 569 184 -893 -848 -139 -615 -232 -546 603 -550 
379 -31 -120 564 243 -494 638 -358 141 528 -652 59 -854 129 -569 535 605 -514 722 -614 
-495 301 -309 -361 66 231 -433 86 -841 -399 -70 784 258 882 600 -72 -813 -550 234 346 
560 632 -363 600 965 501 933 678 326 -307 -6 740 54 211 -810 -265 -137 382 823 -446 
-628 716 513 -235 339 707 -529 -441 -265 -618 -613 -647 155 -217 228 -113 -555 943 -29 -464 
-206 165 865 185 577 289 -410 277 -361 -852 -360 602 778 489 576 -891 -19 -969 -856 61 
140 -706 -308 63 338 -893 -65 142 -391 124 885 -672 -727 -759 946 -469 -97 -812 619 -484 
-659 -680 734 -308 777 355 -652 67 18 -270 943 -12 -553 -479 963 -665 -971 -24 164 -90 
-491 -602 -724 87 -865 812 -642 -215 -160 383 -598 -937 213 667 290 -30 -410 279 -62 -595 
971 -166 120 222 -16 33 811 -16 -263 483 -792 -80 484 335 366 -704 -34 -326 964 495 
-233 854 -730 -164 -929 889 836 -30 152 639 852 -904 508 -766 -361 372 814 855 -348 838 
566 -291 -657 -447 -967 708 -107 940 423 98 243 318 373 716 -529 291 846 -303 -895 -538 
-915 -843 635 855 813 481 645 615 -219 676 -76 325 -572 596 241 -879 -528 689 -437 -396 
-791 701 204 922 877 994 997 -473 491 -787 -105 559 491 -353 27 959 -637 107 992 293 
-723 364 -243 320 -853 412 216 323 -201 282 -110 88 -132 -34 -863 -913 -181 -574 -304 -927 
-589 -721 403 999 -9 711 170 -776 -828 -966 142 -140 -824 -805 -701 52 -622 -792 939 203 
888 -345 -747 812 -283 702 -750 401 932 -704 -379 -238 -123 996 855 -98 -299 170 115 975 
-563 41 160 878 766 336 655 348 -526 -567 -304 -970 269 -830 664 -58 -916 -282 388 399 
296 107 714 250 371 -249 -928 78 764 -317 941 -68 645 943 -974 655 984 121 -310 834 
488 -758 747 433 -164 8 835 -621 414 59 849 156 -694 503 138 279 -473 775 -809 306 
-438 528 -885 566 134 -418 55 -937 852 -365 152 143 177 -156 245 518 416 265 -503 781 
647 -204 597 116 944 -777 126 -273 228 -741 380 -869 460 -246 136 464 -750 563 -101 -21 
616 810 137 -458 712 651 166 -671 936 -549 964 103 -351 -739 198 -53 -906 -152 -556 326 
228 433 641 -238 768 444 -1000 45 -995 -159 673 521 -422 -51 -870 343 -540 -19 14 -152 
6 753 447 547 -339 447 948 441 -189 -165 239 254 481 -237 -605 283 199 27 359 353 
-769 402 -30 -433 -1 -914 329 -771 -799 -679 15 -863 -181 -700 -801 326 750 28 -780 165 
605 810 -623 396 923 -709 400 -37 340 -366 174 -56 -53 30 803 -144 200 -307 268 531 
367 -123 -180 -995 801 337 -963 936 438 -716 -200 -388 -130 942 649 953 213 -700 383 -946 
203 -346 198 714 922 -421 513 -818 -536 -534 -397 -167 -779 190 -733 365 932 -791 554 167 
-557 918 173 -320 892 626 -263 408 523 432 -720 -289 -488 236 -420 504 581 -480 -221 689 
772 -228 616 974 -609 760 236 648 -546 259 224 -738 -36 -832 892 -897 962 295 975 -424 
872 466 -931 -927 504 -782 -277 189 -86 40 568 -824 330 -204 787 -268 -296 -354 -442 954 
-290 965 273 765 -656 332 -582 -402 -708 255 928 642 -305 -783 875 -150 -897 -638 531 454 
-803 -95 784 -815 469 810 304 453 -581 284 -964 475 -192 -547 -102 697 830 626 292 248 
72 812 -8 940 -938 -567 -242 563 506 -432 -152 364 -625 -486 -577 -385 396 -679 461 963 
-157 192 -201 11 476 -72 567 -72 -596 865 -742 -95 -176 -912 -35 -939 633 391 794 832 
93 767 913 -776 -857 -109 845 986 134 14 171 -557 724 558 922 -126 -982 -542 -976 -613 
-984 741 -296 -314 -987 840 -973 -780 -606 743 302 137 655 101 -339 -634 -469 427 -929 -232 
953 -99 449 -364 303 -250 -709 603 -138 124 679 454 392 842 386 -886 -708 -57 222 683 
256 -222 281 555 626 852 -574 24 316 -105 78 -578 612 771 -417 73 52 643 -720 342 
-953 -609 964 69 -824 228 -500 535 -189 475 431 -811 -158 301 -912 -806 499 918 325 -709 
-42 925 -10 95 726 324 -523 -792 743 -937 -758 -419 52 -538 -23 573 -48 -377 -515 -93 
231 -319 259 -286 -440 398 964 -617 59 -692 865 109 -569 46 88 -22 680 515 -56 -371 
898 143 -484 8 624 -231 -857 18 628 -285 970 -731 721 8 -148 129 -22 729 -354 -852 
211 485 906 565 340 -146 -664 -223 -33 488 -276 638 430 -45 322 37 -699 613 968 -620 
-222 385 410 -486 70 -797 56 -439 -933 -693 -780 910 -225 351 728 -137 -403 977 -589 -542 
388 -4 74 857 361 -168 81 304 -396 563 -832 -551 625 596 -541 -387 -172 -796 707 -555 
-421 -770 103 -777 -960 310 -18 910 -291 262 -292 901 -13 -285 670 -245 675 377 31 15 
-262 626 75 -508 625 426 -691 209 -321 -71 188 916 -461 -39 697 844 215 395 759 155 
580 36 -102 790 876 450 749 335 -285 335 -236 -408 -577 665 201 -737 -639 -946 -325 896 
280 -741 347 -992 974 -1 584 -457 90 -934 652 -393 -271 -789 208 589 -12 -197 -308 32 
-123 198 996 971 -925 -540 -454 -516 928 -858 -117 -454 578 494 886 807 -419 484 -482 939 
-118 -125 -459 -663 -413 409 -685 192 460 -884 -601 48 534 277 -12 702 -126 -346 -743 -376 
-697 -718 974 354 267 934 879 888 97 -841 -715 -510 -129 -674 8 190 372 208 -780 796 
424 904 973 779 671 -486 -526 971 -883 -13 621 654 580 785 -618 -230 -123 937 -466 -425 
750 -975 71 758 227 -712 883 566 -26 -703 -958 492 957 -242 -315 724 423 -648 -842 578 
-662 -702 -831 -648 355 -69 161 856 -527 -33 524 -202 966 -599 -666 -831 -787 811 -556 949 
656 24 19 -679 -921 -363 832 -865 -639 469 -303 974 167 972 646 718 -169 -495 381 -638 
-73 23 47 -863 41 100 -96 -326 528 -846 934 -256 860 384 -650 210 -970 -938 -428 -619 
-58 -550 -108 -955 568 1000 362 -780 846 680 -268 -358 883 -631 -887 343 566 -471 -259 252 
-452 -948 -853 266 309 -74 -492 872 -862 787 -855 388 44 803 -474 -309 -781 -633 -258 488 
-613 -757 -465 -531 -682 -659 499 -74 966 -181 458 -120 -963 310 122 -646 -99 811 -160 -791 
990 -132 34 713 -832 -158 890 975 689 -851 38 -344 -342 863 -279 622 407 -950 708 827 
401 551 937 -438 79 174 551 -367 166 -274 -580 -757 571 -724 -1 -259 -967 364 892 -778 
697 483 76 -324 216 940 975 850 293 84 380 -594 -441 -743 -437 537 -339 -351 34 -955 
702 -17 493 787 -829 182 250 238 -471 824 -671 84 -30 -236 45 196 -906 -128 706 -121 
-629 877 -643 -43 -252 796 -683 -69 -39 -832 552 756 -873 -513 -123 -656 612 899 924 181 
64 597 -412 65 -766 -354 -734 898 931 260 227 -263 -149 -471 -824 609 570 169 472 -879 
-725 -828 -284 999 -971 -865 -56 369 213 -902 601 -68 552 946 -142 -494 587 -575 -322 -776 
450 -620 395 -699 -104 519 -79 804 -92 147 13 -371 -269 376 333 922 650 -509 -582 -436 
-958 -667 562 799 -775 -778 -467 424 790 811 -407 93 -512 740 604 154 823 -525 -410 593 
-900 -519 -153 -505 -663 -508 552 -826 -813 -950 49 -228 -894 -464 -337 33 369 -822 424 931 
-287 238 -917 962 -693 450 -42 -7 970 -256 -680 -850 388 665 -869 944 835 -194 736 710 
87 822 366 -662 -410 822 -822 631 230 475 -790 282 -156 36 -70 -880 437 670 65 465 


Результаты анализа:
Максимум: 1000
Минимум: -1000
Среднее: 1,21
Количество элементов: 10000
